0 0.30703125 0.628125 0.09609375 0.06171875
0 0.5125 0.6875 0.2046875 0.140625
0 0.4890625 0.8515625 0.20390625 0.115625
0 0.4671875 0.953125 0.25625 0.09375
0 0.65390625 0.9359375 0.11328125 0.12734375
0 0.503125 0.515625 0.1015625 0.0953125
0 0.3515625 0.2625 0.14921875 0.16640625
0 0.26640625 0.0640625 0.078125 0.11484375
0 0.36484375 0.07265625 0.115625 0.13046875
0 0.59296875 0.0546875 0.05390625 0.06015625
0 0.72421875 0.0453125 0.0546875 0.06953125
0 0.9515625 0.04765625 0.096875 0.06015625
0 0.94921875 0.15390625 0.0796875 0.109375
0 0.5 0.121875 0.04140625 0.02421875
0 0.5578125 0.175 0.05234375 0.0421875